<?xml version="1.0"?>
<opencv_storage>
<H type_id="opencv-matrix">
  <rows>3</rows>
  <cols>3</cols>
  <dt>f</dt>
  <data>
    3.72040596e+001 -1.09665565e+001 2.10733795e+002 2.71221042e-001
    1.36098299e+001 2.62889954e+002 -1.55444315e-003 -3.17028500e-002
    3.05000000e+001</data></H>
</opencv_storage>
