<?xml version="1.0"?>
<opencv_storage>
<Intrinsics type_id="opencv-matrix">
  <rows>3</rows>
  <cols>3</cols>
  <dt>f</dt>
  <data>
    2.90645605e+004 0. 3.30835754e+002 0. 2.90645605e+004
    2.79005676e+002 0. 0. 1.</data></Intrinsics>
</opencv_storage>
